structure(c(0.00115068094597182, -0.00160476157821064, -0.000301745036062448, 
-0.000662455420004784, -0.000505895229646377, -0.00175502174203282, 
-3.64878318843975e-05, -0.000436979334409231, -0.000792392715722705, 
0.00063910980948206, 0, 0, 0, 0, 0, 0, 0, 0, 0, 0, 0, 0, 0, 0, 
0, 0, 0, 0, 0, 0, 1.04090167047468e-07, -1.23055807947573e-07, 
-1.54888241362821e-08, -6.57664537841655e-08, -5.07558235130475e-08, 
-1.08187820173657e-07, -1.05635122396532e-08, -6.97079475085226e-08, 
-1.11653742961336e-07, 9.90690579424087e-08, 9.27949086076966e-19, 
9.33471189568262e-19, 1.6835681375902e-23, 4.02376993804402e-19, 
1.90908208962041e-19, 3.84661648076609e-19, -8.62997027328736e-20, 
-5.0507044127706e-23, 0, 2.60346976796948e-19, 0.00136710760782055, 
0.00276174917627922, -0.00398329056660621, 0.00276166424025759, 
0.00276174917621899, -0.000754618623295425, -0.00136709606985501, 
-0.0027614598674967, 0.00398287329446106, -0.00276137494037262, 
-0.00276145986748006, 0.000754539572710533, -0.00160476157822145, 
0.00578711246129976, 0.00230861295158088, 0.00116011253436826, 
0.000917023478456148, 0.00825275592388136, -0.00128897666255115, 
-0.00133189169338668, -0.00103327909142572, 0.00148525297295238, 
0, 0, 0, 0, 0, 0, 0, 0, 0, 0, 0, 0, 0, 0, 0, 0, 0, 0, 0, 0, -1.23055807948546e-07, 
1.4547706377416e-07, 1.83109492693575e-08, 7.77493622680466e-08, 
6.0003735680889e-08, 1.27900069710806e-07, 1.24882260288257e-08, 
8.24090117674839e-08, 1.31997497365253e-07, -1.17119832868411e-07, 
3.86485431077109e-19, 1.43865282333571e-18, 6.44483201205302e-20, 
8.79631383485369e-19, 5.68979659593975e-19, 9.24668097932367e-19, 
2.66952712545787e-19, 7.07218920539975e-19, 1.12469305339899e-20, 
-9.26073964249115e-19, -0.00872426741892034, -0.0129608307908541, 
0.0119633500688154, -0.0129605524499907, -0.012960830790847, 
-0.00636200290886548, 0.00872352432981898, 0.0129594730709666, 
-0.01196209684059, 0.0129591947592429, 0.0129594730709264, 0.00636133645327515, 
-0.0003017450360639, 0.00230861295157605, 0.00108328186235193, 
0.000299017434754693, 0.000244849082076063, 0.00354877953671272, 
-0.000703101449770636, -0.00091890962567235, -0.000930943144324045, 
0.00109782914864823, 0, 0, 0, 0, 0, 0, 0, 0, 0, 0, 0, 0, 0, 0, 
0, 0, 0, 0, 0, 0, -1.54888241355888e-08, 1.83109492686285e-08, 
2.30476787500123e-09, 9.7861792864585e-09, 7.55256761087044e-09, 
1.60985630803626e-08, 1.57187165678599e-09, 1.03726814014945e-08, 
1.66142992931981e-08, -1.47416731020936e-08, -1.70038316643575e-19, 
-1.39434134534854e-19, -4.62764850434289e-24, -6.1934133757873e-20, 
-7.77498937962155e-20, -5.38935944815772e-20, -8.52736789895263e-20, 
-1.54563460045052e-21, 0, 1.54986118608449e-19, -0.00398304593784751, 
-0.00556739808431546, 0.00445698437284035, -0.00556735556144442, 
-0.005567398084315, -0.0037519452673063, 0.00398265636414293, 
0.00556681486804859, -0.0044565174786521, 0.00556677234962896, 
0.00556681486803931, 0.00375155222992695, -0.000662455419991599, 
0.00116011253436576, 0.000299017434761931, 0.00045290694722265, 
0.000353477255174869, 0.00128686207684978, -7.64401065056057e-05, 
0.00026035318931559, 0.000517228946557803, -0.000411580682891092, 
0, 0, 0, 0, 0, 0, 0, 0, 0, 0, 0, 0, 0, 0, 0, 0, 0, 0, 0, 0, -6.57664537824773e-08, 
7.77493622662981e-08, 9.78617928650695e-09, 4.15526899987159e-08, 
3.20686440992376e-08, 6.83554410288182e-08, 6.67425905072998e-09, 
4.40430123049854e-08, 7.05452871718412e-08, -6.25940067661807e-08, 
5.37425749951122e-19, 9.31466240027285e-19, 4.96948710456913e-20, 
5.36958073429188e-19, 2.80053424833852e-19, 9.26600465643643e-19, 
2.1901800392987e-19, -1.51517500328895e-19, -7.7542221253273e-23, 
-6.62714593941098e-19, -0.00155293822353891, -0.00254852334849709, 
0.00210046910070576, -0.00254840671605741, -0.00254852334852701, 
0.000893108386507626, 0.00155285676120101, 0.00254825637637216, 
-0.00210024906475138, 0.00254813975613908, 0.00254825637637212, 
-0.000893014828357192, -0.000505895229642959, 0.000917023478439997, 
0.000244849082071567, 0.000353477255176266, 0.000276570213708359, 
0.00102266855659885, -7.09318170247743e-05, 0.000195516139657939, 
0.000396446423091911, -0.00031352673090574, 0, 0, 0, 0, 0, 0, 
0, 0, 0, 0, 0, 0, 0, 0, 0, 0, 0, 0, 0, 0, -5.07558235126437e-08, 
6.00037356803621e-08, 7.5525676111219e-09, 3.2068644099581e-08, 
2.4749250515545e-08, 5.27538965753292e-08, 5.15091653811774e-09, 
3.39905716508204e-08, 5.44439290762298e-08, -4.83074603791089e-08, 
4.58421075411844e-19, 7.89004134230643e-19, -2.05870302235597e-21, 
4.89295419834465e-19, 2.81957568255623e-19, 6.05614207568484e-19, 
1.8682936624971e-19, -1.29218753158239e-19, -6.61430689913565e-23, 
-6.06986676250054e-19, -0.00127662136808568, -0.00206097010283928, 
0.00159871343187788, -0.00206087794428801, -0.00206097010287007, 
0.00071160803685722, 0.00127655016656295, 0.00206075420463642, 
-0.0015985459576556, 0.00206066205571021, 0.00206075420463664, 
-0.000711533491915905, -0.00175502174192343, 0.008252755923574, 
0.00354877953661029, 0.00128686207676037, 0.00102266855655591, 
0.0123887730273119, -0.00211971446645693, -0.00278077146632061, 
-0.00268980639502736, 0.00331016587761644, 0, 0, 0, 0, 0, 0, 
0, 0, 0, 0, 0, 0, 0, 0, 0, 0, 0, 0, 0, 0, -1.08187820160935e-07, 
1.27900069698275e-07, 1.6098563078887e-08, 6.83554410229732e-08, 
5.27538965700661e-08, 1.12446783059448e-07, 1.09793594820678e-08, 
7.24520970889733e-08, 1.16049146682633e-07, -1.02969048165521e-07, 
2.53717956934868e-18, 2.5524160880441e-18, 4.60317785360259e-23, 
9.02901828039514e-19, 5.219888606539e-19, 1.29151361038528e-18, 
-2.39825566172695e-19, -1.38095335608078e-22, 0, 7.19568762075157e-19, 
-0.0126220964490851, -0.0184183694963646, 0.0177769278779, -0.0184181878981705, 
-0.0184183694965655, -0.0128524159767372, 0.0126209417479574, 
0.0184164400687834, -0.0177750656447352, 0.0184162584892724, 
0.0184164400687837, 0.0128510696142873, -3.64878318575829e-05, 
-0.0012889766625825, -0.000703101449776035, -7.64401065151155e-05, 
-7.0931817038844e-05, -0.00211971446654538, 0.000508297410276214, 
0.000726338165324837, 0.000802325225394518, -0.000887618664556659, 
0, 0, 0, 0, 0, 0, 0, 0, 0, 0, 0, 0, 0, 0, 0, 0, 0, 0, 0, 0, -1.05635122382296e-08, 
1.24882260264158e-08, 1.57187165650142e-09, 6.67425904961941e-09, 
5.15091653743074e-09, 1.09793594800349e-08, 1.07203008679218e-09, 
7.07425857293499e-09, 1.13310960452327e-08, -1.00539487606524e-08, 
4.95120701838607e-19, 4.06006880765979e-19, 1.34748721379982e-23, 
1.92414436694546e-19, 2.26393572602531e-19, 1.56928360919127e-19, 
2.48301468886894e-19, 4.50060729409141e-21, 0, -4.51291434397745e-19, 
0.00257704764150371, 0.00340384813197856, -0.00220099644185899, 
0.00340392888403394, 0.00340384813197205, 0.00268189832004633, 
-0.002576769591133, -0.0034034915597505, 0.00220076587510737, 
-0.00340357230337542, -0.00340349155974582, -0.00268161737611038, 
-0.000436979334386837, -0.00133189169337508, -0.00091890962565481, 
0.000260353189322076, 0.000195516139648605, -0.00278077146630493, 
0.000726338165315216, 0.00156912974510714, 0.00197357010135558, 
-0.00204182388980434, 0, 0, 0, 0, 0, 0, 0, 0, 0, 0, 0, 0, 0, 
0, 0, 0, 0, 0, 0, 0, -6.97079475068145e-08, 8.24090117654284e-08, 
1.03726814015334e-08, 4.40430123047656e-08, 3.39905716501482e-08, 
7.24520970940769e-08, 7.0742585739912e-09, 4.66825837978369e-08, 
7.47731843846115e-08, -6.63453704271856e-08, 3.03148082005045e-19, 
2.49806047088485e-19, -1.36949674557734e-21, 2.24109531805452e-19, 
1.09975235664806e-19, 2.19502172993734e-19, 1.37786133647848e-19, 
2.72805938540158e-21, -4.37364230124501e-23, -3.97728096769468e-19, 
0.00243834678192812, 0.0030628852118451, -0.00352402034965124, 
0.00306302139406791, 0.00306288521182941, 0.00669701268823574, 
-0.00243801884694286, -0.00306256435739766, 0.00352365118869547, 
-0.0030627005253539, -0.0030625643573839, -0.00669631113844558, 
-0.000792392715704283, -0.0010332790914306, -0.000930943144316569, 
0.000517228946573584, 0.00039644642308749, -0.0026898063950148, 
